[Grid]
  nblockx = 80
  nblocky = 160
  nrefs = 10000
  lrefine_min = 1
  lrefine_max = 1

[IncompNS]
  ins_dtSpec = 1.953125e-7

[Driver]
  dtinit = 1.953125e-7
  dtmax = 1.953125e-7
